0.00000000000000000000000000000000000000000	1.000000000000000000000000000000000000000000000000000000000000000000000000000000000
0.00500000000000000010408340855860842566472	0.990049833749168106677984724228736013174057006835937500000000000000000000000000000
0.01000000000000000020816681711721685132943	0.980198673306755363654474422219209372997283935546875000000000000000000000000000000
0.01499999999999999944488848768742172978818	0.970445533548508265653254056815057992935180664062500000000000000000000000000000000
0.02000000000000000041633363423443370265886	0.960789439152323399007116222492186352610588073730468750000000000000000000000000000
0.02500000000000000138777878078144567552954	0.951229424500714237922238680766895413398742675781250000000000000000000000000000000
0.03000000000000000235922392732845764840022	0.941764533584248941799899057514267042279243469238281250000000000000000000000000000
0.03500000000000000333066907387546962127090	0.932393819905948495474490300694014877080917358398437500000000000000000000000000000
0.04000000000000000083266726846886740531772	0.923116346386636088539034972200170159339904785156250000000000000000000000000000000
0.04499999999999999833466546306226518936455	0.913931185271228518907093985035317018628120422363281250000000000000000000000000000
0.04999999999999999583666365765566297341138	0.904837418035959961670755546947475522756576538085937500000000000000000000000000000
0.05499999999999999333866185224906075745821	0.895834135296528666358994996699038892984390258789062500000000000000000000000000000
0.05999999999999999084066004684245854150504	0.886920436717157922856813456746749579906463623046875000000000000000000000000000000
0.06499999999999998834265824143585632555187	0.878095430920561748067143525986466556787490844726562500000000000000000000000000000
0.06999999999999999278355033993648248724639	0.869358235398806300509022548794746398925781250000000000000000000000000000000000000
0.07499999999999999722444243843710864894092	0.860707976425058363112441384146222844719886779785156250000000000000000000000000000
0.08000000000000000166533453693773481063545	0.852143788966211901403369211038807407021522521972656250000000000000000000000000000
0.08500000000000000610622663543836097232997	0.843664816596384259383967219037003815174102783203125000000000000000000000000000000
0.09000000000000001054711873393898713402450	0.835270211411272667234584332618396729230880737304687500000000000000000000000000000
0.09500000000000001498801083243961329571903	0.826959133943362956209455205680569633841514587402343750000000000000000000000000000
0.10000000000000001942890293094023945741355	0.818730753077982487120323185081360861659049987792968750000000000000000000000000000
0.10500000000000002386979502944086561910808	0.810584245970187744489976466866210103034973144531250000000000000000000000000000000
0.11000000000000002831068712794149178080261	0.802518797962479157881432456633774563670158386230468750000000000000000000000000000
0.11500000000000003275157922644211794249713	0.794533602503334712707783182850107550621032714843750000000000000000000000000000000
0.12000000000000003719247132494274410419166	0.786627861066554134872319536953000351786613464355468750000000000000000000000000000
0.12500000000000002775557561562891351059079	0.778800783071405655633157039119396358728408813476562500000000000000000000000000000
0.13000000000000003219646771412953967228532	0.771051585803567141041980903537478297948837280273437500000000000000000000000000000
0.13500000000000003663735981263016583397985	0.763379494336854036440342952118953689932823181152343750000000000000000000000000000
0.14000000000000004107825191113079199567437	0.755783741455726354452338000555755570530891418457031250000000000000000000000000000
0.14500000000000004551914400963141815736890	0.748263567578566157756370103015797212719917297363281250000000000000000000000000000
0.15000000000000004996003610813204431906343	0.740818220681718875297860904538538306951522827148437500000000000000000000000000000
0.15500000000000005440092820663267048075795	0.733446956224290347314820337487617507576942443847656250000000000000000000000000000
0.16000000000000005884182030513329664245248	0.726149037073692049659712210996076464653015136718750000000000000000000000000000000
0.16500000000000006328271240363392280414701	0.718923733431927280967954629886662587523460388183593750000000000000000000000000000
0.17000000000000006772360450213454896584153	0.711770322762610874178790254518389701843261718750000000000000000000000000000000000
0.17500000000000007216449660063517512753606	0.704688089718714660847354025463573634624481201171875000000000000000000000000000000
0.18000000000000007660538869913580128923059	0.697676326071032359976697989623062312602996826171875000000000000000000000000000000
0.18500000000000008104628079763642745092511	0.690734330637356008786298389168223366141319274902343750000000000000000000000000000
0.19000000000000008548717289613705361261964	0.683861409212357274078897262370446696877479553222656250000000000000000000000000000
0.19500000000000008992806499463767977431417	0.677056874498166094689111105253687128424644470214843750000000000000000000000000000
0.20000000000000009436895709313830593600869	0.670320046035640770831776080740382894873619079589843750000000000000000000000000000
0.20500000000000009880984919163893209770322	0.663650250136320840610437699069734662771224975585937500000000000000000000000000000
0.21000000000000010325074129013955825939775	0.657046819815058302793886468862183392047882080078125000000000000000000000000000000
0.21500000000000010769163338864018442109227	0.650509094723318082031937592546455562114715576171875000000000000000000000000000000
0.22000000000000011213252548714081058278680	0.644036421083142962551448817976051941514015197753906250000000000000000000000000000
0.22500000000000011657341758564143674448133	0.637628151621774885704496682592434808611869812011718750000000000000000000000000000
0.23000000000000012101430968414206290617585	0.631283645506927615365100336930481716990470886230468750000000000000000000000000000
0.23500000000000012545520178264268906787038	0.625002268282702444501808258792152628302574157714843750000000000000000000000000000
0.24000000000000012989609388114331522956491	0.618783391806142502034049357462208718061447143554687500000000000000000000000000000
0.24500000000000013433698597964394139125943	0.612626394184417777388773629354545846581459045410156250000000000000000000000000000
0.25000000000000011102230246251565404236317	0.606530659712635200619956776790786534547805786132812500000000000000000000000000000
0.25500000000000011546319456101628020405769	0.600495578812267782886635814065812155604362487792968750000000000000000000000000000
0.26000000000000011990408665951690636575222	0.594520547970196155951327909860992804169654846191406250000000000000000000000000000
0.26500000000000012434497875801753252744675	0.588604969678357070606011802738066762685775756835937500000000000000000000000000000
0.27000000000000012878587085651815868914127	0.582748252373991526553709263680502772331237792968750000000000000000000000000000000
0.27500000000000013322676295501878485083580	0.576949810380488536942777955118799582123756408691406250000000000000000000000000000
0.28000000000000013766765505351941101253033	0.571209063848816755992743310343939810991287231445312500000000000000000000000000000
0.28500000000000014210854715202003717422485	0.565525438699538973708058620104566216468811035156250000000000000000000000000000000
0.29000000000000014654943925052066333591938	0.559898366565403926564670200605178251862525939941406250000000000000000000000000000
0.29500000000000015099033134902128949761391	0.554327284734508984875844816997414454817771911621093750000000000000000000000000000
0.30000000000000015543122344752191565930843	0.548811636094028387766741161613026633858680725097656250000000000000000000000000000
0.30500000000000015987211554602254182100296	0.543350869074501696687207186187151819467544555664062500000000000000000000000000000
0.31000000000000016431300764452316798269749	0.537944437594676361236167849710909649729728698730468750000000000000000000000000000
0.31500000000000016875389974302379414439201	0.532591801006899068227085081161931157112121582031250000000000000000000000000000000
0.32000000000000017319479184152442030608654	0.527292424043050433901669293845770880579948425292968750000000000000000000000000000
0.32500000000000017763568394002504646778107	0.522045776761017932265929175628116354346275329589843750000000000000000000000000000
0.33000000000000018207657603852567262947559	0.516851334491701175366529241728130728006362915039062500000000000000000000000000000
0.33500000000000018651746813702629879117012	0.511708577786544438481541874352842569351196289062500000000000000000000000000000000
0.34000000000000019095836023552692495286465	0.506616992365591545244285498483804985880851745605468750000000000000000000000000000
0.34500000000000019539925233402755111455917	0.501576069066057450562823305517667904496192932128906250000000000000000000000000000
0.35000000000000019984014443252817727625370	0.496585303791411414309209249040577560663223266601562500000000000000000000000000000
0.35500000000000020428103653102880343794823	0.491644197460966991819475424563279375433921813964843750000000000000000000000000000
0.36000000000000020872192862952942959964275	0.486752255959973567644993863723357208073139190673828125000000000000000000000000000
0.36500000000000021316282072803005576133728	0.481908990090204325529299467234523035585880279541015625000000000000000000000000000
0.37000000000000021760371282653068192303181	0.477113915521036269229426807214622385799884796142578125000000000000000000000000000
0.37500000000000022204460492503130808472633	0.472366552741016576533183979336172342300415039062500000000000000000000000000000000
0.38000000000000022648549702353193424642086	0.467666427009911123136021160462405532598495483398437500000000000000000000000000000
0.38500000000000023092638912203256040811539	0.463013068311229958329278133533080108463764190673828125000000000000000000000000000
0.39000000000000023536728122053318656980991	0.458406011305225458141165972847375087440013885498046875000000000000000000000000000
0.39500000000000023980817331903381273150444	0.453844795282357715837662226476822979748249053955078125000000000000000000000000000
0.40000000000000024424906541753443889319897	0.449328964117223506047338332791696302592754364013671875000000000000000000000000000
0.40500000000000024868995751603506505489349	0.444858066222943049350391220286837778985500335693359375000000000000000000000000000
0.41000000000000025313084961453569121658802	0.440431654506001191151653983979485929012298583984375000000000000000000000000000000
0.41500000000000025757174171303631737828255	0.436049286321537499233613743854220956563949584960937500000000000000000000000000000
0.42000000000000026201263381153694353997707	0.431710523429081616253455422338447533547878265380859375000000000000000000000000000
0.42500000000000026645352591003756970167160	0.427414931948728593624764471314847469329833984375000000000000000000000000000000000
0.43000000000000027089441800853819586336613	0.423162082317750765092512210685526952147483825683593750000000000000000000000000000
0.43500000000000027533531010703882202506065	0.418951549247640941953108040252118371427059173583984375000000000000000000000000000
0.44000000000000027977620220553944818675518	0.414782911681583321694688493153080344200134277343750000000000000000000000000000000
0.44500000000000028421709430404007434844971	0.410655752752347447120939705200726166367530822753906250000000000000000000000000000
0.45000000000000028865798640254070051014423	0.406569659740601052622110955780954100191593170166015625000000000000000000000000000
0.45500000000000029309887850104132667183876	0.402524224033637911812633092267788015305995941162109375000000000000000000000000000
0.46000000000000029753977059954195283353329	0.398519041084516134620940874810912646353244781494140625000000000000000000000000000
0.46500000000000030198066269804257899522781	0.394553710371603083562064284706139005720615386962890625000000000000000000000000000
0.47000000000000030642155479654320515692234	0.390627835358523078923553839558735489845275878906250000000000000000000000000000000
0.47500000000000031086244689504383131861687	0.386741023454503174416885258324327878654003143310546875000000000000000000000000000
0.48000000000000031530333899354445748031139	0.382892885975114005692176988304709084331989288330078125000000000000000000000000000
0.48500000000000031974423109204508364200592	0.379083038103400826734912243409780785441398620605468750000000000000000000000000000
0.49000000000000032418512319054570980370045	0.375311098851401570009045371989486739039421081542968750000000000000000000000000000
0.49500000000000032862601528904633596539497	0.371576691022047711498998978640884160995483398437500000000000000000000000000000000
0.50000000000000033306690738754696212708950	0.367879441171444332425721768231596797704696655273437500000000000000000000000000000
0.50500000000000033750779948604758828878403	0.364218979571525325322767230318277142941951751708984375000000000000000000000000000
0.51000000000000034194869158454821445047855	0.360594940173080302781016825974802486598491668701171875000000000000000000000000000
0.51500000000000034638958368304884061217308	0.357006960569149378592612720240140333771705627441406250000000000000000000000000000
0.52000000000000035083047578154946677386761	0.353454681958782157558118797169299796223640441894531250000000000000000000000000000
0.52500000000000035527136788005009293556213	0.349937749111157381243231156986439600586891174316406250000000000000000000000000000
0.53000000000000035971225997855071909725666	0.346455810330059454926754369807895272970199584960937500000000000000000000000000000
0.53500000000000036415315207705134525895119	0.343008517418708691604223304238985292613506317138671875000000000000000000000000000
0.54000000000000036859404417555197142064571	0.339595525644941165221979417765396647155284881591796875000000000000000000000000000
0.54500000000000037303493627405259758234024	0.336216493706735342072988714789971709251403808593750000000000000000000000000000000
0.55000000000000037747582837255322374403477	0.332871083698081549062663953009177930653095245361328125000000000000000000000000000
0.55500000000000038191672047105384990572929	0.329558961075191059197919685175293125212192535400390625000000000000000000000000000
0.56000000000000038635761256955447606742382	0.326279794623041463630386260774685069918632507324218750000000000000000000000000000
0.56500000000000039079850466805510222911835	0.323033256422254888562406449636910110712051391601562500000000000000000000000000000
0.57000000000000039523939676655572839081287	0.319819021816305837369043274520663544535636901855468750000000000000000000000000000
0.57500000000000039968028886505635455250740	0.316636769379055160733571483433479443192481994628906250000000000000000000000000000
0.58000000000000040412118096355698071420193	0.313486180882607268216588636278174817562103271484375000000000000000000000000000000
0.58500000000000040856207306205760687589645	0.310366941265486973033915774067281745374202728271484375000000000000000000000000000
0.59000000000000041300296516055823303759098	0.307278738601133194485726107814116403460502624511718750000000000000000000000000000
0.59500000000000041744385725905885919928551	0.304221264066706020834374157857382670044898986816406250000000000000000000000000000
0.60000000000000042188474935755948536098003	0.301194211912204079517607624438824132084846496582031250000000000000000000000000000
0.60500000000000042632564145606011152267456	0.298197279429889383628449195384746417403221130371093750000000000000000000000000000
0.61000000000000043076653355456073768436909	0.295230166924016212970371952906134538352489471435546875000000000000000000000000000
0.61500000000000043520742565306136384606361	0.292292577680861420663660510399495251476764678955078125000000000000000000000000000
0.62000000000000043964831775156199000775814	0.289384217939052668100430310005322098731994628906250000000000000000000000000000000
0.62500000000000044408920985006261616945267	0.286504796860192145757650905579794198274612426757812500000000000000000000000000000
0.63000000000000044853010194856324233114719	0.283654026499772393687948124352260492742061614990234375000000000000000000000000000
0.63500000000000045297099404706386849284172	0.280831621778381779197530931924120523035526275634765625000000000000000000000000000
0.64000000000000045741188614556449465453625	0.278037300453196134508715431365999393165111541748046875000000000000000000000000000
0.64500000000000046185277824406512081623077	0.275270783089754333960996746100136078894138336181640625000000000000000000000000000
0.65000000000000046629367034256574697792530	0.272531793034014591103897373614017851650714874267578125000000000000000000000000000
0.65500000000000047073456244106637313961983	0.269820056384688811146332909629563800990581512451171875000000000000000000000000000
0.66000000000000047517545453956699930131435	0.267135301965852334227236042352160438895225524902343750000000000000000000000000000
0.66500000000000047961634663806762546300888	0.264477261299825905371818635103409178555011749267578125000000000000000000000000000
0.67000000000000048405723873656825162470341	0.261845668580327928243178803313639946281909942626953125000000000000000000000000000
0.67500000000000048849813083506887778639793	0.259240260645893449975574185373261570930480957031250000000000000000000000000000000
0.68000000000000049293902293356950394809246	0.256660776953557823176765850803349167108535766601562500000000000000000000000000000
0.68500000000000049737991503207013010978699	0.254106959552802214030720051596290431916713714599609375000000000000000000000000000
0.69000000000000050182080713057075627148151	0.251578553059758402987711178866447880864143371582031250000000000000000000000000000
0.69500000000000050626169922907138243317604	0.249075304631670074728688746290572453290224075317382812500000000000000000000000000
0.70000000000000051070259132757200859487057	0.246596963941608349202283534395974129438400268554687500000000000000000000000000000
0.70500000000000051514348342607263475656509	0.244143283153438944710345026578579563647508621215820312500000000000000000000000000
0.71000000000000051958437552457326091825962	0.241714016897038308506751036475179716944694519042968750000000000000000000000000000
0.71500000000000052402526762307388707995415	0.239308922243756383441137813861132599413394927978515625000000000000000000000000000
0.72000000000000052846615972157451324164867	0.236927758682123595912472069358045700937509536743164062500000000000000000000000000
0.72500000000000053290705182007513940334320	0.234570288093799483863932664462481625378131866455078125000000000000000000000000000
0.73000000000000053734794391857576556503773	0.232236274729760633350750254066952038556337356567382812500000000000000000000000000
0.73500000000000054178883601707639172673225	0.229925485186725647723804399902292061597108840942382812500000000000000000000000000
0.74000000000000054622972811557701788842678	0.227637688383814540404870285783545114099979400634765625000000000000000000000000000
0.74500000000000055067062021407764405012131	0.225372655539440525096495093748671934008598327636718750000000000000000000000000000
0.75000000000000055511151231257827021181583	0.223130160148431622157971787601127289235591888427734375000000000000000000000000000
0.75500000000000055955240441107889637351036	0.220909977959379971723663516058877576142549514770507812500000000000000000000000000
0.76000000000000056399329650957952253520489	0.218711886952216522095326922681124415248632431030273437500000000000000000000000000
0.76500000000000056843418860808014869689941	0.216535667316008817451233881001826375722885131835937500000000000000000000000000000
0.77000000000000057287508070658077485859394	0.214381101426979692181618020185851491987705230712890625000000000000000000000000000
0.77500000000000057731597280508140102028847	0.212247973826744790182274869039247278124094009399414062500000000000000000000000000
0.78000000000000058175686490358202718198299	0.210136071200766466615661443029239308089017868041992187500000000000000000000000000
0.78500000000000058619775700208265334367752	0.208045182357022184760353411547839641571044921875000000000000000000000000000000000
0.79000000000000059063864910058327950537205	0.205975098204885187502810595105984248220920562744140625000000000000000000000000000
0.79500000000000059507954119908390566706657	0.203925611734215167514250310887291561812162399291992187500000000000000000000000000
0.80000000000000059952043329758453182876110	0.201896517994657132000213550782063975930213928222656250000000000000000000000000000
0.80500000000000060396132539608515799045563	0.199887614075146213821199125959537923336029052734375000000000000000000000000000000
0.81000000000000060840221749458578415215015	0.197898699083616375071770221438782755285501480102539062500000000000000000000000000
0.81500000000000061284310959308641031384468	0.195929574126911032472264651005389168858528137207031250000000000000000000000000000
0.82000000000000061728400169158703647553921	0.193980042290893578416088871563260909169912338256835937500000000000000000000000000
0.82500000000000062172489379008766263723373	0.192049908620755799271151431639736983925104141235351562500000000000000000000000000
0.83000000000000062616578588858828879892826	0.190138980101522192533991528762271627783775329589843750000000000000000000000000000
0.83500000000000063060667798708891496062279	0.188247065638748434235338891085120849311351776123046875000000000000000000000000000
0.84000000000000063504757008558954112231731	0.186373976039411609617602039179473649710416793823242187500000000000000000000000000
0.84500000000000063948846218409016728401184	0.184519523992990902572230993428092915564775466918945312500000000000000000000000000
0.85000000000000064392935428259079344570637	0.182683524052736273590724636051163543015718460083007812500000000000000000000000000
0.85500000000000064837024638109141960740089	0.180865792617123710694926330688758753240108489990234375000000000000000000000000000
0.86000000000000065281113847959204576909542	0.179066147911494832900558549226843751966953277587890625000000000000000000000000000
0.86500000000000065725203057809267193078995	0.177284409969879402924064493163314182311296463012695312500000000000000000000000000
0.87000000000000066169292267659329809248447	0.175520400616998473175556227943161502480506896972656250000000000000000000000000000
0.87500000000000066613381477509392425417900	0.173773943450446721747937317559262737631797790527343750000000000000000000000000000
0.88000000000000067057470687359455041587353	0.172044863823052118778633712281589396297931671142578125000000000000000000000000000
0.88500000000000067501559897209517657756805	0.170332988825411008049215411119803320616483688354492187500000000000000000000000000
0.89000000000000067945649107059580273926258	0.168638147268597077266250039428996387869119644165039062500000000000000000000000000
0.89500000000000068389738316909642890095711	0.166960169667042274133095247634628321975469589233398437500000000000000000000000000
0.90000000000000068833827526759705506265163	0.165298888221588113900395455857506021857261657714843750000000000000000000000000000
0.90500000000000069277916736609768122434616	0.163654136802705629794019159817253239452838897705078125000000000000000000000000000
0.91000000000000069722005946459830738604069	0.162025750933882328741475475908373482525348663330078125000000000000000000000000000
0.91500000000000070166095156309893354773521	0.160413567775174320528819293940614443272352218627929687500000000000000000000000000
0.92000000000000070610184366159955970942974	0.158817426106922232609264256097958423197269439697265625000000000000000000000000000
0.92500000000000071054273576010018587112427	0.157237166313629134206664161865774076431989669799804687500000000000000000000000000
0.93000000000000071498362785860081203281879	0.155672630367998832134901476820232346653938293457031250000000000000000000000000000
0.93500000000000071942451995710143819451332	0.154123661815132928509797238803002983331680297851562500000000000000000000000000000
0.94000000000000072386541205560206435620785	0.152590105756885363597064042551210150122642517089843750000000000000000000000000000
0.94500000000000072830630415410269051790237	0.151071808836372334372555314985220320522785186767578125000000000000000000000000000
0.95000000000000073274719625260331667959690	0.149568619222636534082937487255549058318138122558593750000000000000000000000000000
0.95500000000000073718808835110394284129143	0.148080386595463936449945663298422005027532577514648437500000000000000000000000000
0.96000000000000074162898044960456900298595	0.146606962130351597961563925309746991842985153198242187500000000000000000000000000
0.96500000000000074606987254810519516468048	0.145148198483625173738076341578562278300523757934570312500000000000000000000000000
0.97000000000000075051076464660582132637501	0.143703949777704370616149276429496239870786666870117187500000000000000000000000000
0.97500000000000075495165674510644748806953	0.142274071586515005183315452086389996111392974853515625000000000000000000000000000
0.98000000000000075939254884360707364976406	0.140858420921046417761957059155975002795457839965820312500000000000000000000000000
0.98500000000000076383344094210769981145859	0.139456856215052354963646052965486887842416763305664062500000000000000000000000000
0.99000000000000076827433304060832597315311	0.138069237310894238346392626226588618010282516479492187500000000000000000000000000
0.99500000000000077271522513910895213484764	0.136695425445525292618142998435359913855791091918945312500000000000000000000000000
